4419
4419
4419
4419
4419
4419
4419
4419
4419
4419
4419
4419
4419
4419
4419
4419
4419
4419
4419
43
43
43
43
43
44
44
42
45
47
47
47
47
47
48
47
49
51
51
51
51
51
51
52
52
55
55
55
55
55
55
56
56
59
59
59
59
59
59
59
63
65
66
66
66
66
66
67
67
67
69
70
70
70
70
70
71
73
65
73
74
74
74
74
74
74
76
77
77
77
77
77
77
77
79
81
81
81
84
85
86
85
87
88
88
89
90
91
93
94
95
97
98
99
100
100
101
102
103
104
105
106
107
108
109
110
111
112
113
116
116
119
120
121
116
121
122
123
116
124
124
125
126
127
129
131
131
134
134
133
136
136
136
137
139
139
144
144
142
143
146
146
148
148
149
151
151
152
153
153
153
154
157
156
160
161
162
161
163
166
166
165
167
168
170
170
170
173
173
175
173
177
178
179
179
179
180
180
182
183
186
187
188
189
190
191
192
193
194
195
195
196
197
198
199
200
201
202
204
204
205
206
208
208
210
209
211
213
213
214
214
216
218
219
220
221
222
223
224
225
226
226
228
229
230
230
231
232
234
235
236
237
238
238
240
241
242
242
243
236
244
244
246
247
247
249
251
252
254
255
256
256
257
259
260
261
261
263
262
264
265
266
266
267
267
270
270
272
274
274
276
277
278
278
279
281
282
283
284
285
287
288
288
287
289
291
292
293
293
293
296
297
297
298
300
300
301
303
304
304
305
306
307
309
308
6
10
14
6
10
13
14
14
15
17
17
244
244
244
245
245
245
301
301
301
302
302
302
302
302
304
305
305
305
305
305
305
306
308
309
309
309
309
310
311
312
312
312
313
313
313
313
314
315
315
316
316
316
317
317
318
318
318
319
319
319
320
320
322
322
322
322
322
322
322
322
326
326
326
326
326
326
326
326
330
330
330
330
330
330
330
331
334
334
334
334
334
334
334
335
338
338
338
338
338
338
338
339
342
342
342
342
342
342
342
343
346
346
346
346
346
346
347
347
350
350
350
350
350
350
350
350
354
354
354
354
354
354
355
355
358
358
358
358
358
358
359
359
362
362
362
362
362
362
362
362
366
366
366
366
366
366
366
367
370
370
370
370
370
370
370
370
374
374
374
374
374
375
375
375
377
378
378
378
378
380
381
381
381
381
382
382
383
384
384
385
385
744
744
744
745
745
745
745
745
748
748
748
749
749
749
749
749
751
751
752
753
753
753
753
753
6
754
754
755
10
756
756
756
756
13
757
757
757
14
757
14
759
17
759
17
759
17
18
18
18
760
760
760
760
761
21
21
762
21
762
762
21
21
22
763
763
763
763
23
764
23
24
765
765
765
25
766
766
766
766
25
